0.0079351507912921622	13.000000000000002
0.015870301582584324	13.000000000000002
0.023805452373876487	13.000000000000002
0.031740603165168649	13.000000000000002
0.039675753956460807	13.000000000000002
0.047610904747752966	13.000000000000002
0.055546055539045125	13.000000000000002
0.063481206330337284	13.000000000000002
0.071416357121629442	13.000000000000002
0.079351507912921601	13.000000000000002
0.08728665870421376	13.000000000000002
0.095221809495505919	13.000000000000002
0.10315696028679808	13.000000000000002
0.11109211107809024	13.000000000000002
0.11902726186938239	13.000000000000002
0.12696241266067457	13.000000000000002
0.13489756345196674	13.000000000000002
0.14283271424325891	13.000000000000002
0.15076786503455109	13.000000000000002
0.15870301582584326	13.000000000000002
0.16663816661713543	13.000000000000002
0.1745733174084276	13.000000000000002
0.18250846819971978	13.000000000000002
0.19044361899101195	13.000000000000002
0.19837876978230412	13.000000000000002
0.20631392057359629	13.000000000000002
0.21424907136488847	13.000000000000002
0.22218422215618064	13.000000000000002
0.23011937294747281	13.000000000000002
0.23805452373876498	13.000000000000002
0.24598967453005716	13.000000000000002
0.2539248253213493	13.000000000000002
0.26185997611264145	13.000000000000002
0.26979512690393359	13.000000000000002
0.27773027769522574	13.000000000000002
0.28566542848651788	13.000000000000002
0.29360057927781003	13.000000000000002
0.30153573006910217	13.000000000000002
0.30947088086039432	13.000000000000002
0.31740603165168646	13.000000000000002
0.3253411824429786	13.000000000000002
0.33327633323427075	13.000000000000002
0.34121148402556289	13.000000000000002
0.34914663481685504	13.000000000000002
0.35708178560814718	13.000000000000002
0.36501693639943933	13.000000000000002
0.37295208719073147	13.000000000000002
0.38088723798202362	13.000000000000002
0.38882238877331576	13.000000000000002
0.39675753956460791	13.000000000000002
0.40469269035590005	13.000000000000002
0.4126278411471922	13.000000000000002
0.42056299193848434	13.000000000000002
0.42849814272977649	13.000000000000002
0.43643329352106863	13.000000000000002
0.44436844431236078	13.000000000000002
0.45230359510365292	13.000000000000002
0.46023874589494507	13.000000000000002
0.46817389668623721	13.000000000000002
0.47610904747752936	13.000000000000002
0.4840441982688215	13.000000000000002
0.49197934906011365	13.000000000000002
0.49991449985140579	13.000000000000002
0.50784965064269794	13.000000000000002
0.51578480143399008	13.000000000000002
0.52371995222528223	13.000000000000002
0.53165510301657437	13.000000000000002
0.53959025380786652	13.000000000000002
0.54752540459915866	13.000000000000002
0.55546055539045081	13.000000000000002
0.56339570618174295	13.000000000000002
0.57133085697303509	13.000000000000002
0.57926600776432724	13.000000000000002
0.58720115855561938	13.000000000000002
0.59513630934691153	13.000000000000002
0.60307146013820367	13.000000000000002
0.61100661092949582	13.000000000000002
0.61894176172078796	13.000000000000002
0.62687691251208011	13.000000000000002
0.63481206330337225	13.000000000000002
0.6427472140946644	13.000000000000002
0.65068234092542698	13.000000000000002
0.65861725678506644	13.000000000000002
0.66655145789836667	13.000000000000002
0.67448429093801243	13.000000000000002
0.68241503783481439	13.000000000000002
0.69034296276645435	13.000000000000002
0.69826734087952791	13.000000000000002
0.70618747782117097	13.000000000000002
0.71410272449142886	13.000000000000002
0.72201248922801686	13.000000000000002
0.72991624854705961	13.000000000000002
0.73781355700391238	13.000000000000002
0.74570405644199567	13.000000000000002
0.75358748473779913	13.000000000000002
0.7614636840632738	13.000000000000002
0.76933260863945407	13.000000000000002
0.7771943319290413	13.000000000000002
0.78504905320010199	13.000000000000002
0.79289710338104713	13.000000000000002
0.80073895011353735	13.000000000000002
0.80857520189048437	13.000000000000002
0.81640661113656388	13.000000000000002
0.82423407604402266	13.000000000000002
0.83205864091202897	13.000000000000002
0.83988149464795669	13.000000000000002
0.84770396696823203	13.000000000000002
0.85552752167959156	13.000000000000002
0.86335374622526639	13.000000000000002
0.87118433644471271	13.000000000000002
0.87902107522669792	13.000000000000002
0.88686580345192945	13.000000000000002
0.89479607034516562	13.000000000000002
0.90272635378663812	13.000000000000002
0.91065720688441676	13.000000000000002
0.91858404959891649	13.000000000000002
0.92650567713111065	13.000000000000002
0.93442141805485357	13.000000000000002
0.94233107693305973	13.000000000000002
0.95023487813002627	13.000000000000002
0.95813340878851894	13.000000000000002
0.96602756544523349	13.000000000000002
0.97391850647376677	13.000000000000002
0.98180761105088799	13.000000000000002
0.98969644444610483	13.000000000000002
0.99758672893422662	13.000000000000002
1.0054803193735307	13.000000000000002
1.0133791823746743	13.000000000000002
1.021285377942911	13.000000000000002
1.0292010424719182	13.000000000000002
1.0371283719843516	13.000000000000002
1.0450587538672698	13.000000000000002
1.0529888378802827	13.000000000000002
1.0609185940186734	13.000000000000002
1.0688479796582042	13.000000000000002
1.0767769361401036	13.000000000000002
1.0847053872708969	13.000000000000002
1.0926332390331694	13.000000000000002
1.100560381125089	13.000000000000002
1.1084866910217444	13.000000000000002
1.1164120412701912	13.000000000000002
1.1243363106689852	13.000000000000002
1.1322593998220123	13.000000000000002
1.1402089169585656	13.000000000000002
1.1481396766878387	13.000000000000002
1.1560638230322831	13.000000000000002
1.1639831301056267	13.000000000000002
1.1718963593120626	13.000000000000002
1.179804503971781	13.000000000000002
1.1877084278123979	13.000000000000002
1.1956079505513995	13.000000000000002
1.2035033333167946	13.000000000000002
1.2113970804760277	13.000000000000002
1.2192927139750021	13.000000000000002
1.227194903817225	13.000000000000002
1.2351089302507676	13.000000000000002
1.2430272358903531	13.000000000000002
1.2509521515061635	13.000000000000002
1.2588870112324995	13.000000000000002
1.266828135729035	13.000000000000002
1.2747803875506327	13.000000000000002
1.2827474756227522	13.000000000000002
1.2907330664471641	13.000000000000002
1.2987415098738515	13.000000000000002
1.3067765698821829	13.000000000000002
1.3148418405754598	13.000000000000002
1.3229405759819775	13.000000000000002
1.3310755433670429	13.000000000000002
1.3392268450371045	13.000000000000002
1.3473890491626646	13.000000000000002
1.3555636236652078	13.000000000000002
1.3637520554806104	13.000000000000002
1.3719558410256418	13.000000000000002
1.3801763682318815	13.000000000000002
1.3884149792539482	13.000000000000002
1.3966729603448533	13.000000000000002
1.4049515248842888	13.000000000000002
1.4132518071831559	13.000000000000002
1.4215748617774266	13.000000000000002
1.4299216653415656	13.000000000000002
1.4382841601828098	13.000000000000002
1.4466482807672005	13.000000000000002
1.4550198251178847	13.000000000000002
1.4633925528485732	13.000000000000002
1.4717643539272287	13.000000000000002
1.4801321382742407	13.000000000000002
1.4884854702929642	13.000000000000002
1.4968167572078035	13.000000000000002
1.5051240024810593	13.000000000000002
1.5134088521745805	13.000000000000002
1.5216729172645205	13.000000000000002
1.5298928732317314	13.000000000000002
1.5380610588063037	13.000000000000002
1.5461808826177474	13.000000000000002
1.5542561478686761	13.000000000000002
1.5622909169254238	13.000000000000002
1.5702881184272741	13.000000000000002
1.5782511998869841	13.000000000000002
1.5861934893384775	13.000000000000002
1.5941171938352456	13.000000000000002
1.6020246102715234	13.000000000000002
1.6099216345932448	13.000000000000002
1.6178101423158264	13.000000000000002
1.625691957244161	13.000000000000002
1.6335626723070649	13.000000000000002
1.6414046365798038	13.000000000000002
1.6492302336775373	13.000000000000002
1.6567973811390153	13.000000000000002
1.6645678586500936	13.000000000000002
1.6717120404298633	13.000000000000002
1.6793574853267168	13.000000000000002
1.6868354722793217	13.000000000000002
1.6943043099793591	13.000000000000002
1.7017925522544888	13.000000000000002
1.7093057105669529	13.000000000000002
1.7168454340877848	13.000000000000002
1.724411741280703	13.000000000000002
1.7320033976387927	13.000000000000002
1.7396180949488096	13.000000000000002
1.7472526504103039	13.000000000000002
1.7549030146798243	13.000000000000002
1.7625616989086761	13.000000000000002
1.770229835880855	13.000000000000002
1.7779063330481444	13.000000000000002
1.7855900423812945	13.000000000000002
1.7932798233079086	13.000000000000002
1.8009745880590009	13.000000000000002
1.8086600634551937	13.000000000000002
1.8163326377406306	13.000000000000002
1.8239948223987414	13.000000000000002
1.8316492667139039	13.000000000000002
1.8392986761786527	13.000000000000002
1.846945746767457	13.000000000000002
1.8545931073229476	13.000000000000002
1.862243268758899	13.000000000000002
1.8698985789377691	13.000000000000002
1.8775611823405025	13.000000000000002
1.8852329839725279	13.000000000000002
1.8929156173083836	13.000000000000002
1.9006104164413853	13.000000000000002
1.9083183929507914	13.000000000000002
1.916040218303974	13.000000000000002
1.923773701774897	13.000000000000002
1.9315007300723839	13.000000000000002
1.9392199913323487	13.000000000000002
1.9469300153382381	13.000000000000002
1.9546292214215484	13.000000000000002
1.9623159872822462	13.000000000000002
1.9699885954837395	13.000000000000002
1.9776426301546475	13.000000000000002
1.9852785639143533	13.000000000000002
1.9928966090298823	13.000000000000002
2.0004967851338891	13.000000000000002
2.0080793338137854	13.000000000000002
2.0156465829950654	13.000000000000002
2.0232023263969579	13.000000000000002
2.0308010518601285	13.000000000000002
2.0383666558189426	13.000000000000002
2.045931031073327	13.000000000000002
2.0534985062363029	13.000000000000002
2.0610685240709192	13.000000000000002
2.0686416213058729	13.000000000000002
2.0762185571114444	13.000000000000002
2.0838001467479059	13.000000000000002
2.091387202375329	13.000000000000002
2.0989805046208811	13.000000000000002
2.1065807863532702	13.000000000000002
2.1141887228018734	13.000000000000002
2.1218049258841578	13.000000000000002
2.1294299418822953	13.000000000000002
2.1370642520683734	13.000000000000002
2.1447082760217606	13.000000000000002
2.1523623773945419	13.000000000000002
2.1600268718364348	13.000000000000002
2.1677020367236346	13.000000000000002
2.175384511968784	13.000000000000002
2.1830501825883464	13.000000000000002
2.1907017760164811	13.000000000000002
2.198342460766908	13.000000000000002
2.2059757618321316	13.000000000000002
2.2136055344093739	13.000000000000002
2.2212359465251676	13.000000000000002
2.2288714729568642	13.000000000000002
2.2365040096732991	13.000000000000002
2.244130851441283	13.000000000000002
2.2517527931018817	13.000000000000002
2.2593705857791719	13.000000000000002
2.2669845623577078	13.000000000000002
2.2745928960470789	13.000000000000002
2.282199387829273	13.000000000000002
2.289799361043134	13.000000000000002
2.2973936963606354	13.000000000000002
2.3049851100352408	13.000000000000002
2.3125763964352521	13.000000000000002
2.3201703152480908	13.000000000000002
2.3277695052893534	13.000000000000002
2.3353764211570507	13.000000000000002
2.3429932896959982	13.000000000000002
2.3506220828602551	13.000000000000002
2.3582645035959211	13.000000000000002
2.3659219816594477	13.000000000000002
2.3735956767211364	13.000000000000002
2.381286486597912	13.000000000000002
2.3889950589597801	13.000000000000002
2.3967218053267536	13.000000000000002
2.4044644356430278	13.000000000000002
2.412201677912631	13.000000000000002
2.4199347787181362	13.000000000000002
2.42766517892594	13.000000000000002
2.4353944515201125	13.000000000000002
2.4431242633132482	13.000000000000002
2.4508563367941378	13.000000000000002
2.458584773841598	13.000000000000002
2.4663092777058941	13.000000000000002
2.4740301159160931	13.000000000000002
2.4817475757900267	13.000000000000002
2.4894619651938599	13.000000000000002
2.4971736131150473	13.000000000000002
2.504882869164275	13.000000000000002
2.5125901016889616	13.000000000000002
2.5202958001421711	13.000000000000002
2.5280046549184254	13.000000000000002
2.5357051406514866	13.000000000000002
2.5434026898317512	13.000000000000002
2.5511056503586147	13.000000000000002
2.5588199840383501	13.000000000000002
2.5665458339224263	13.000000000000002
2.5742767658640533	13.000000000000002
2.5820104005405886	13.000000000000002
2.5897484888391973	13.000000000000002
2.5974931081194428	13.000000000000002
2.6052463977833642	13.000000000000002
2.6130104924320769	13.000000000000002
2.6207874644564022	13.000000000000002
2.6285762648589657	13.000000000000002
2.6363503714518748	13.000000000000002
2.6441105300132057	13.000000000000002
2.6518576263148335	13.000000000000002
2.6595926070957625	13.000000000000002
2.6673164522679507	13.000000000000002
2.6750301512411565	13.000000000000002
2.6827346838206299	13.000000000000002
2.6904310058064742	13.000000000000002
2.6981200391354503	13.000000000000002
2.7058026662254879	13.000000000000002
2.7134797280931227	13.000000000000002
2.7211520257942632	13.000000000000002
2.7288203247677805	13.000000000000002
2.7364853617177314	13.000000000000002
2.7441478537319233	13.000000000000002
2.7518085093804605	13.000000000000002
2.7594680415463979	13.000000000000002
2.7671271816902978	13.000000000000002
2.7747866951200608	13.000000000000002
2.7824473966078038	13.000000000000002
2.790109990745349	13.000000000000002
2.7977745352783958	13.000000000000002
2.8054414282884808	13.000000000000002
2.813110421189621	13.000000000000002
2.8207852113830088	13.000000000000002
2.8284654627949291	13.000000000000002
2.836153201874573	13.000000000000002
2.843849244727668	13.000000000000002
2.8515542818094723	13.000000000000002
2.8592688897984013	13.000000000000002
2.8669935436128391	13.000000000000002
2.8747286274651978	13.000000000000002
2.8824744442903159	13.000000000000002
2.8902312230478864	13.000000000000002
2.897999123586998	13.000000000000002
2.9057782389485913	13.000000000000002
2.9135685951648926	13.000000000000002
2.9213669975984775	13.000000000000002
2.9291692385581443	13.000000000000002
2.9369752376440075	13.000000000000002
2.9447766207156127	13.000000000000002
2.9525725860577654	13.000000000000002
2.9603640366338442	13.000000000000002
2.9681519687356293	13.000000000000002
2.9759374604032884	13.000000000000002
2.9837216598532437	13.000000000000002
2.9915057728066823	13.000000000000002
2.9992910483151047	13.000000000000002
3.0070787626547348	13.000000000000002
