0.0079351507912921622	0.12999999999999792
0.015870301582584324	0.12999999999999792
0.023805452373876487	0.12999999999999792
0.031740603165168649	0.12999999999999792
0.039675753956460807	0.12999999999999792
0.047610904747752966	0.12999999999999792
0.055546055539045125	0.12999999999999792
0.063481206330337284	0.12999999999999792
0.071416357121629442	0.12999999999999792
0.079351507912921601	0.12999999999999792
0.08728665870421376	0.12999999999999792
0.095221809495505919	0.12999999999999792
0.10315696028679808	0.12999999999999792
0.11109211107809024	0.12999999999999792
0.11902726186938239	0.12999999999999792
0.12696241266067457	0.12999999999999792
0.13489756345196674	0.12999999999999792
0.14283271424325891	0.12999999999999792
0.15076786503455109	0.12999999999999792
0.15870301582584326	0.12999999999999792
0.16663816661713543	0.12999999999999792
0.1745733174084276	0.12999999999999792
0.18250846819971978	0.12999999999999792
0.19044361899101195	0.12999999999999792
0.19837876978230412	0.12999999999999792
0.20631392057359629	0.12999999999999792
0.21424907136488847	0.12999999999999792
0.22218422215618064	0.12999999999999792
0.23011937294747281	0.12999999999999792
0.23805452373876498	0.12999999999999792
0.24598967453005716	0.12999999999999792
0.2539248253213493	0.12999999999999792
0.26185997611264145	0.12999999999999792
0.26979512690393359	0.12999999999999792
0.27773027769522574	0.12999999999999792
0.28566542848651788	0.12999999999999792
0.29360057927781003	0.12999999999999792
0.30153573006910217	0.12999999999999792
0.30947088086039432	0.12999999999999792
0.31740603165168646	0.12999999999999792
0.3253411824429786	0.12999999999999792
0.33327633323427075	0.12999999999999792
0.34121148402556289	0.12999999999999792
0.34914663481685504	0.12999999999999792
0.35708178560814718	0.12999999999999792
0.36501693639943933	0.12999999999999792
0.37295208719073147	0.12999999999999792
0.38088723798202362	0.12999999999999792
0.38882238877331576	0.12999999999999792
0.39675753956460791	0.12999999999999792
0.40469269035590005	0.12999999999999792
0.4126278411471922	0.12999999999999792
0.42056299193848434	0.12999999999999792
0.42849814272977649	0.12999999999999792
0.43643329352106863	0.12999999999999792
0.44436844431236078	0.12999999999999792
0.45230359510365292	0.12999999999999792
0.46023874589494507	0.12999999999999792
0.46817389668623721	0.12999999999999792
0.47610904747752936	0.12999999999999792
0.4840441982688215	0.12999999999999792
0.49197934906011365	0.12999999999999792
0.49991449985140579	0.12999999999999792
0.50784965064269794	0.12999999999999792
0.51578480143399008	0.12999999999999792
0.52371995222528223	0.12999999999999792
0.53165510301657437	0.12999999999999792
0.53959025380786652	0.12999999999999792
0.54752540459915866	0.12999999999999792
0.55546055539045081	0.12999999999999792
0.56339570618174295	0.12999999999999792
0.57133085697303509	0.12999999999999792
0.57926600776432724	0.12999999999999792
0.58720115855561938	0.12999999999999792
0.59513630934691153	0.12999999999999792
0.60307146013820367	0.12999999999999792
0.61100661092949582	0.12999999999999792
0.61894176172078796	0.12999999999999792
0.62687691251208011	0.12999999999999792
0.63481206330337225	0.12999999999999792
0.6427472140946644	0.12999999377365157
0.65068234092542698	0.12999992575511188
0.65861725678506644	0.12999968883059568
0.66655145789836667	0.12999913114324349
0.67448429093801243	0.12999805921973959
0.68241503783481439	0.12999623933862062
0.69034296276645435	0.12999339818485195
0.69826734087952791	0.12998922329053311
0.70618747782117097	0.12998336348281447
0.71410272449142886	0.1299754294234369
0.72201248922801686	0.12996499425840877
0.72991624854705961	0.12995159436607462
0.73781355700391238	0.12993473018069221
0.74570405644199567	0.1299138670693846
0.75358748473779913	0.12988843625030222
0.7614636840632738	0.12985783575851928
0.76933260863945407	0.12982143149394942
0.7771943319290413	0.12977855842260044
0.78504905320010199	0.12972852204825405
0.79289710338104713	0.1296706003239485
0.80073895011353735	0.12960404622706218
0.80857520189048437	0.12952809127085629
0.81640661113656388	0.12944195025765504
0.82423407604402266	0.1293448275785273
0.83205864091202897	0.12923592531033437
0.83988149464795669	0.12911445322723084
0.84770396696823203	0.1289796406004384
0.85552752167959156	0.12883074927756835
0.86335374622526639	0.1286670869893328
0.87118433644471271	0.12848801912891811
0.87902107522669792	0.12829297643907583
0.88686580345192945	0.1281569539030937
0.89479607034516562	0.12787855566626119
0.90272635378663812	0.12740901161816523
0.91065720688441676	0.12675572151290249
0.91858404959891649	0.12593653913411609
0.92650567713111065	0.12497213266610932
0.93442141805485357	0.12388313574542345
0.94233107693305973	0.12268832371719562
0.95023487813002627	0.12140355466827547
0.95813340878851894	0.1200412840581507
0.96602756544523349	0.1186105020405693
0.97391850647376677	0.11711697169930467
0.98180761105088799	0.11556367051748889
0.98969644444610483	0.11395135618871499
0.99758672893422662	0.11227919208014056
1.0054803193735307	0.1105453786678941
1.0133791823746743	0.10874774648735074
1.021285377942911	0.10688427467532585
1.0292010424719182	0.10495350774534529
1.0371283719843516	0.1029548521914829
1.0450587538672698	0.10089151212183141
1.0529888378802827	0.098766714163975991
1.0609185940186734	0.096583909493955539
1.0688479796582042	0.094347361321582196
1.0767769361401036	0.092061867582699478
1.0847053872708969	0.089732451110356923
1.0926332390331694	0.087364055156648621
1.100560381125089	0.084961279249403332
1.1084866910217444	0.082528184244248265
1.1164120412701912	0.080068186485961063
1.1243363106689852	0.07758405051231719
1.1322593998220123	0.075078354598901414
1.1402089169585656	0.072545318286552599
1.1481396766878387	0.06999507213261294
1.1560638230322831	0.067423377504900697
1.1639831301056267	0.064849414186147203
1.1718963593120626	0.062276421430256197
1.179804503971781	0.059719480051727683
1.1877084278123979	0.057162657010290982
1.1956079505513995	0.054612558026010859
1.2035033333167946	0.052080105275056146
1.2113970804760277	0.049545086015262002
1.2192927139750021	0.047006413403394072
1.227194903817225	0.044471711568871794
1.2351089302507676	0.041935769060953372
1.2430272358903531	0.03940303734538974
1.2509521515061635	0.03687791561213867
1.2588870112324995	0.034407404613296978
1.266828135729035	0.031954906475662216
1.2747803875506327	0.029585475524290143
1.2827474756227522	0.027315802932177658
1.2907330664471641	0.025094017416192417
1.2987415098738515	0.022965400008520813
1.3067765698821829	0.020935844585715749
1.3148418405754598	0.019006377321055565
1.3229405759819775	0.017173926735546522
1.3310755433670429	0.015398843544825845
1.3392268450371045	0.013726326733754622
1.3473890491626646	0.012154246798027261
1.3555636236652078	0.010679632203089973
1.3637520554806104	0.0092987709544317832
1.3719558410256418	0.0080127304000171384
1.3801763682318815	0.0068268727111158254
1.3884149792539482	0.0057211921063158241
1.3966729603448533	0.0047420613053331404
1.4049515248842888	0.0039074395008779142
1.4132518071831559	0.0032342972173513528
1.4215748617774266	0.0027370498924745973
1.4299216653415656	0.0024264534544658784
1.4382841601828098	0.0023090858453422964
1.4466482807672005	0.0023720061725174364
1.4550198251178847	0.0026294970948544591
1.4633925528485732	0.0030764499221056329
1.4717643539272287	0.0036859375663654179
1.4801321382742407	0.0044727457550823354
1.4884854702929642	0.0054143531206076734
1.4968167572078035	0.0065101281693927355
1.5051240024810593	0.007771388387586598
1.5134088521745805	0.009191089907634899
1.5216729172645205	0.010765206037971747
1.5298928732317314	0.012479950534876284
1.5380610588063037	0.01432254560982631
1.5461808826177474	0.016281965233439291
1.5542561478686761	0.018347440884835628
1.5622909169254238	0.020487197109842099
1.5702881184272741	0.022722257189244182
1.5782511998869841	0.02504772802409656
1.5861934893384775	0.027460022917163148
1.5941171938352456	0.02993024849919421
1.6020246102715234	0.032467361627244
1.6099216345932448	0.035062638829081463
1.6178101423158264	0.037705390515859617
1.625691957244161	0.040374227892131145
1.6335626723070649	0.043059590942456878
1.6414046365798038	0.045761953761182819
1.6492302336775373	0.048486941319976253
1.6567973811390153	0.051139380169181167
1.6645678586500936	0.053837686136274959
1.6717120404298633	0.056474788267628209
1.6793574853267168	0.059052866310188599
1.6868354722793217	0.061650012702437695
1.6943043099793591	0.064209622706840497
1.7017925522544888	0.066717801422979839
1.7093057105669529	0.069171259660598977
1.7168454340877848	0.07155989858970796
1.724411741280703	0.073907417217882701
1.7320033976387927	0.076198432424703574
1.7396180949488096	0.078446148314397335
1.7472526504103039	0.080652901921946754
1.7549030146798243	0.082836270407904741
1.7625616989086761	0.084971278231798023
1.770229835880855	0.087055564205437794
1.7779063330481444	0.089084886354886733
1.7855900423812945	0.091054751631193906
1.7932798233079086	0.092960212607879594
1.8009745880590009	0.094796367047795677
1.8086600634551937	0.096555709662793643
1.8163326377406306	0.098234434566279574
1.8239948223987414	0.099831169150300811
1.8316492667139039	0.1013455394945211
1.8392986761786527	0.10277813232462693
1.846945746767457	0.10413039060623709
1.8545931073229476	0.10540445991076242
1.862243268758899	0.10660300420859975
1.8698985789377691	0.1077290085787128
1.8775611823405025	0.10878558426780531
1.8852329839725279	0.10977578879085059
1.8929156173083836	0.11070247054045453
1.9006104164413853	0.11156814387919656
1.9083183929507914	0.11237489715860174
1.916040218303974	0.11312433279976197
1.923773701774897	0.11381730184524858
1.9315007300723839	0.11445286689766929
1.9392199913323487	0.11503144846092467
1.9469300153382381	0.11555301962504427
1.9546292214215484	0.11601715057914448
1.9623159872822462	0.11642288596954714
1.9699885954837395	0.11677316265887765
1.9776426301546475	0.11705477508430319
1.9852785639143533	0.11726886207677203
1.9928966090298823	0.11740708887567468
2.0004967851338891	0.11748690481631727
2.0080793338137854	0.117506633568639
2.0156465829950654	0.11750804900582169
2.0232023263969579	0.11746039919215018
2.0308010518601285	0.11738782059232279
2.0383666558189426	0.11727161710131589
2.045931031073327	0.11718498940490799
2.0534985062363029	0.11709298891196566
2.0610685240709192	0.11700264660537732
2.0686416213058729	0.11692075726168841
2.0762185571114444	0.11685343007428578
2.0838001467479059	0.11680579717333803
2.091387202375329	0.11678184210025574
2.0989805046208811	0.11678432464758953
2.1065807863532702	0.11681477796942967
2.1141887228018734	0.11687355610682196
2.1218049258841578	0.11695991529931123
2.1294299418822953	0.11707211871931796
2.1370642520683734	0.11720755978516766
2.1447082760217606	0.11736290288532843
2.1523623773945419	0.11753424181639206
2.1600268718364348	0.11771727570034031
2.1677020367236346	0.11790750012250874
2.175384511968784	0.11810030910726715
2.1830501825883464	0.11829074263442743
2.1907017760164811	0.11847503943088543
2.198342460766908	0.11865006668748398
2.2059757618321316	0.11881341059874957
2.2136055344093739	0.11896341963711275
2.2212359465251676	0.11909919512602529
2.2288714729568642	0.1192205343015971
2.2365040096732991	0.11932790450239039
2.244130851441283	0.11942290655378805
2.2517527931018817	0.1195170531165962
2.2593705857791719	0.11962054890992192
2.2669845623577078	0.11970808048390463
2.2745928960470789	0.11977449729888903
2.282199387829273	0.11981932671427008
2.289799361043134	0.11985038728819331
2.2973936963606354	0.11986370795129199
2.3049851100352408	0.11985827037232327
2.3125763964352521	0.11983521177710338
2.3201703152480908	0.11979622959379586
2.3277695052893534	0.11974347056625784
2.3353764211570507	0.11967937271451715
2.3429932896959982	0.1196064961412696
2.3506220828602551	0.11952736157596375
2.3582645035959211	0.1194443080524614
2.3659219816594477	0.11935937531425161
2.3735956767211364	0.11927421301840643
2.381286486597912	0.11919001718132724
2.3889950589597801	0.11910749383838469
2.3967218053267536	0.1190268498763957
2.4044644356430278	0.11894783159248574
2.412201677912631	0.11886990192032638
2.4199347787181362	0.11879197668100108
2.42766517892594	0.11871272261515248
2.4353944515201125	0.118630666677129
2.4431242633132482	0.11854431171618933
2.4508563367941378	0.11845225349392074
2.458584773841598	0.11835337916111299
2.4663092777058941	0.11824684963598947
2.4740301159160931	0.11813223469746703
2.4817475757900267	0.11800960055264657
2.4894619651938599	0.11787960644648125
2.4971736131150473	0.11774446451127636
2.504882869164275	0.11760604252397865
2.5125901016889616	0.11746374172712835
2.5202958001421711	0.11731690281719374
2.5280046549184254	0.11718169487147904
2.5357051406514866	0.11703789766851137
2.5434026898317512	0.11689602001135832
2.5511056503586147	0.11677234990998166
2.5588199840383501	0.11665863030291604
2.5665458339224263	0.11656317971460892
2.5742767658640533	0.11648611115319904
2.5820104005405886	0.11643043373401592
2.5897484888391973	0.11639797335400237
2.5974931081194428	0.11638990079936935
2.6052463977833642	0.11640670140148669
2.6130104924320769	0.11644822281910794
2.6207874644564022	0.11651378046998483
2.6285762648589657	0.11660224937663613
2.6363503714518748	0.116711786683824
2.6441105300132057	0.11684062735477004
2.6518576263148335	0.11698693207872554
2.6595926070957625	0.11714878702010165
2.6673164522679507	0.11732415609899068
2.6750301512411565	0.11751080386013131
2.6827346838206299	0.11770621209372072
2.6904310058064742	0.11790751360711943
2.6981200391354503	0.11811146291893315
2.7058026662254879	0.11831445708752471
2.7134797280931227	0.11851261158597405
2.7211520257942632	0.11870188738240814
2.7288203247677805	0.1188782574186036
2.7364853617177314	0.11903789457831571
2.7441478537319233	0.11917735983876933
2.7518085093804605	0.11929376918394875
2.7594680415463979	0.11938492142813242
2.7671271816902978	0.11944937690423638
2.7747866951200608	0.11949064910808599
2.7824473966078038	0.1195257646370011
2.790109990745349	0.11954480473985658
2.7977745352783958	0.11955813404474723
2.8054414282884808	0.11954838129571377
2.813110421189621	0.11951368181842668
2.8207852113830088	0.11945753638827873
2.8284654627949291	0.119379361665126
2.836153201874573	0.11928070783359705
2.843849244727668	0.11916363724759878
2.8515542818094723	0.11903063672979546
2.8592688897984013	0.11888451495950567
2.8669935436128391	0.11872829042218255
2.8747286274651978	0.11856507713033208
2.8824744442903159	0.11839797426192954
2.8902312230478864	0.11822996482964743
2.897999123586998	0.11806382755038732
2.9057782389485913	0.11790206523644114
2.9135685951648926	0.1177468521923518
2.9213669975984775	0.11760005571190535
2.9291692385581443	0.11746316944224253
2.9369752376440075	0.11733723882247148
2.9447766207156127	0.11722307616089256
2.9525725860577654	0.11712106102771964
2.9603640366338442	0.11703130487646765
2.9681519687356293	0.11695372685792561
2.9759374604032884	0.11688809391283694
2.9837216598532437	0.11683404309853559
2.9915057728066823	0.11679108022545426
2.9992910483151047	0.11675855151012166
3.0070787626547348	0.11673558862288742
