0.0079351507912921622	0
0.015870301582584324	0
0.023805452373876487	0
0.031740603165168649	0
0.039675753956460807	0
0.047610904747752966	0
0.055546055539045125	0
0.063481206330337284	0
0.071416357121629442	0
0.079351507912921601	0
0.08728665870421376	0
0.095221809495505919	0
0.10315696028679808	0
0.11109211107809024	0
0.11902726186938239	0
0.12696241266067457	0
0.13489756345196674	0
0.14283271424325891	0
0.15076786503455109	0
0.15870301582584326	0
0.16663816661713543	0
0.1745733174084276	0
0.18250846819971978	0
0.19044361899101195	0
0.19837876978230412	0
0.20631392057359629	0
0.21424907136488847	0
0.22218422215618064	0
0.23011937294747281	0
0.23805452373876498	0
0.24598967453005716	0
0.2539248253213493	0
0.26185997611264145	0
0.26979512690393359	0
0.27773027769522574	0
0.28566542848651788	0
0.29360057927781003	0
0.30153573006910217	0
0.30947088086039432	0
0.31740603165168646	0
0.3253411824429786	0
0.33327633323427075	0
0.34121148402556289	0
0.34914663481685504	0
0.35708178560814718	0
0.36501693639943933	0
0.37295208719073147	0
0.38088723798202362	0
0.38882238877331576	0
0.39675753956460791	0
0.40469269035590005	0
0.4126278411471922	0
0.42056299193848434	0
0.42849814272977649	0
0.43643329352106863	0
0.44436844431236078	0
0.45230359510365292	0
0.46023874589494507	0
0.46817389668623721	0
0.47610904747752936	0
0.4840441982688215	0
0.49197934906011365	0
0.49991449985140579	0
0.50784965064269794	0
0.51578480143399008	0
0.52371995222528223	0
0.53165510301657437	0
0.53959025380786652	0
0.54752540459915866	0
0.55546055539045081	0
0.56339570618174295	0
0.57133085697303509	0
0.57926600776432724	0
0.58720115855561938	0
0.59513630934691153	0
0.60307146013820367	0
0.61100661092949582	0
0.61894176172078796	0
0.62687691251208011	0
0.63481206330337225	5.9721645041487392e-10
0.6427472140946644	2.2113964139992825e-08
0.65068234092542698	1.3099485531165121e-07
0.65861725678506644	4.3422260513440831e-07
0.66655145789836667	1.0767039836914933e-06
0.67448429093801243	2.2423099771267744e-06
0.68241503783481439	4.1557524747094463e-06
0.69034296276645435	7.0843725548019984e-06
0.69826734087952791	1.133952809876907e-05
0.70618747782117097	1.7277475192162418e-05
0.71410272449142886	2.5299711656387174e-05
0.72201248922801686	3.5852780156500899e-05
0.72991624854705961	4.9427541858610322e-05
0.73781355700391238	6.6557939036664975e-05
0.74570405644199567	8.7819268669359825e-05
0.75358748473779913	0.00011382598868546839
0.7614636840632738	0.0001452290729890227
0.76933260863945407	0.00018271291974163083
0.7771943319290413	0.00022699179930432817
0.78504905320010199	0.00027880580477487627
0.79289710338104713	0.00033891624197843082
0.80073895011353735	0.00040810037228326053
0.80857520189048437	0.0004871454086414987
0.81640661113656388	0.00057684167392968975
0.82423407604402266	0.00067797487528839799
0.83205864091202897	0.00079131754573353685
0.83988149464795669	0.00091761987309645944
0.84770396696823203	0.0010576003927341875
0.85552752167959156	0.0012119373730570056
0.86335374622526639	0.001381262162645199
0.87118433644471271	0.0015661562513664534
0.87902107522669792	0.0017671542268967437
0.88686580345192945	0.0019644071805852478
0.89479607034516562	0.0023119956402254021
0.90272635378663812	0.0028590154038985577
0.91065720688441676	0.0035819699478495236
0.91858404959891649	0.0044588153953766183
0.92650567713111065	0.0054677689201422007
0.93442141805485357	0.006588927579988778
0.94233107693305973	0.0078054124510187018
0.95023487813002627	0.0091038807577232643
0.95813340878851894	0.010474568189353843
0.96602756544523349	0.011911011409768805
0.97391850647376677	0.01340956853093684
0.98180761105088799	0.014968827075285646
0.98969644444610483	0.016588967838883913
0.99758672893422662	0.018271137739174118
1.0054803193735307	0.020016873113658063
1.0133791823746743	0.021827605292459792
1.021285377942911	0.023704271421150336
1.0292010424719182	0.025647044800820668
1.0371283719843516	0.027655190190641901
1.0450587538672698	0.029724259416810579
1.0529888378802827	0.031850048503212082
1.0609185940186734	0.034028473810424079
1.0688479796582042	0.036255027245317165
1.0767769361401036	0.038525060012138429
1.0847053872708969	0.040834056305339282
1.0926332390331694	0.04317786478583039
1.100560381125089	0.04555286233213765
1.1084866910217444	0.047956033457391495
1.1164120412701912	0.050384958869739212
1.1243363106689852	0.052837715538767302
1.1322593998220123	0.055315523457326439
1.1402089169585656	0.057807476966275612
1.1481396766878387	0.060321225773642344
1.1560638230322831	0.062829141629573204
1.1639831301056267	0.06535649912946416
1.1718963593120626	0.067892746656741262
1.179804503971781	0.070402233817516313
1.1877084278123979	0.072897823505328044
1.1956079505513995	0.075393195849535175
1.2035033333167946	0.077887099036223817
1.2113970804760277	0.080357547755321238
1.2192927139750021	0.082774272223759202
1.227194903817225	0.085249052508499443
1.2351089302507676	0.087728444170564676
1.2430272358903531	0.090209693503594632
1.2509521515061635	0.092683353914557093
1.2588870112324995	0.095091194611800656
1.266828135729035	0.097412106625229339
1.2747803875506327	0.099645835694132101
1.2827474756227522	0.10177119213235881
1.2907330664471641	0.1038864795409597
1.2987415098738515	0.10590575048998087
1.3067765698821829	0.10782657711881879
1.3148418405754598	0.10965093695393534
1.3229405759819775	0.11138380401614049
1.3310755433670429	0.11305481849485717
1.3392268450371045	0.11462575183595659
1.3473890491626646	0.11609814509547464
1.3555636236652078	0.11747353676489278
1.3637520554806104	0.11875714366188544
1.3719558410256418	0.11994218961519447
1.3801763682318815	0.12102084317874733
1.3884149792539482	0.1220068709511534
1.3966729603448533	0.12285600808983353
1.4049515248842888	0.12355179969580893
1.4132518071831559	0.12407975082652541
1.4215748617774266	0.12442845215245521
1.4299216653415656	0.12459017862706004
1.4382841601828098	0.12456123999825687
1.4466482807672005	0.12435279169026307
1.4550198251178847	0.1239541041620123
1.4633925528485732	0.12337092011900543
1.4717643539272287	0.12261936457590446
1.4801321382742407	0.12169283495723426
1.4884854702929642	0.1205918437462862
1.4968167572078035	0.11933983838966654
1.5051240024810593	0.11792610787504607
1.5134088521745805	0.11635623177649244
1.5216729172645205	0.11463858434425331
1.5298928732317314	0.11278879394740861
1.5380610588063037	0.11082042598473053
1.5461808826177474	0.10874441636805414
1.5542561478686761	0.1065709879478806
1.5622909169254238	0.10430067945353723
1.5702881184272741	0.10195405806983322
1.5782511998869841	0.09952344306798809
1.5861934893384775	0.097018367972095954
1.5941171938352456	0.09445568394632943
1.6020246102715234	0.091831620163272593
1.6099216345932448	0.089155050635266672
1.6178101423158264	0.086436870807896013
1.625691957244161	0.083696471425013796
1.6335626723070649	0.080928514179635494
1.6414046365798038	0.0781410669121642
1.6492302336775373	0.077046322453660318
1.6567973811390153	0.077569097983619453
1.6645678586500936	0.076829448346814211
1.6717120404298633	0.073191332176365281
1.6793574853267168	0.066668023333019341
1.6868354722793217	0.063919337879240437
1.6943043099793591	0.061251614190611474
1.7017925522544888	0.058658272513432724
1.7093057105669529	0.056136173649340697
1.7168454340877848	0.053682299349321769
1.724411741280703	0.051287042671434496
1.7320033976387927	0.04894808288152968
1.7396180949488096	0.046649802852316069
1.7472526504103039	0.044395586011203324
1.7549030146798243	0.042176603982849586
1.7625616989086761	0.040015025438033307
1.770229835880855	0.037914959245977278
1.7779063330481444	0.035876823899592236
1.7855900423812945	0.033904481136948592
1.7932798233079086	0.03200201460758597
1.8009745880590009	0.030173261303116598
1.8086600634551937	0.028424506652934233
1.8163326377406306	0.026758331321195511
1.8239948223987414	0.025174992273418954
1.8316492667139039	0.023673902325186198
1.8392986761786527	0.022253696878484601
1.846945746767457	0.020912346301647407
1.8545931073229476	0.019647300393580286
1.862243268758899	0.0184556503062497
1.8698985789377691	0.01733429453795084
1.8775611823405025	0.016280097538134499
1.8852329839725279	0.01529003187083303
1.8929156173083836	0.014361297468712344
1.9006104164413853	0.01349141391608346
1.9083183929507914	0.012678283494435862
1.916040218303974	0.011920223272182224
1.923773701774897	0.011216203151118289
1.9315007300723839	0.010566873790516424
1.9392199913323487	0.0099712007084699524
1.9469300153382381	0.0094279332479122145
1.9546292214215484	0.0089350753063704002
1.9623159872822462	0.00851533610238152
1.9699885954837395	0.0081457057427182424
1.9776426301546475	0.0078582646805588421
1.9852785639143533	0.0077022042602984172
1.9928966090298823	0.0075024339382472717
2.0004967851338891	0.007922593567009242
2.0080793338137854	0.0074434667306725148
2.0156465829950654	0.0073481434540818387
2.0232023263969579	0.0073299154338483351
2.0308010518601285	0.0073281754608898924
2.0383666558189426	0.0074251169961709633
2.045931031073327	0.0074779330885956039
2.0534985062363029	0.0075355521043434549
2.0610685240709192	0.0075887867277518945
2.0686416213058729	0.0076301129666415581
2.0762185571114444	0.0076534485649011521
2.0838001467479059	0.0076541775908131882
2.091387202375329	0.0076291465765402034
2.0989805046208811	0.0075765984343460898
2.1065807863532702	0.0074960589270223468
2.1141887228018734	0.0073881971293249648
2.1218049258841578	0.0072546757471488588
2.1294299418822953	0.007097998871040863
2.1370642520683734	0.0069213577655579065
2.1447082760217606	0.0067284712775589686
2.1523623773945419	0.0065234166475110584
2.1600268718364348	0.006310448403241479
2.1677020367236346	0.0060938067340552413
2.175384511968784	0.0058776414696597758
2.1830501825883464	0.0056663560168465753
2.1907017760164811	0.0054628163757960858
2.198342460766908	0.0052691585134821894
2.2059757618321316	0.0050867516423818565
2.2136055344093739	0.0049162240809624584
2.2212359465251676	0.0047575599569174825
2.2288714729568642	0.0046102817138338305
2.2365040096732991	0.0044746585041759166
2.244130851441283	0.0043421020030876426
2.2517527931018817	0.0042061395687727045
2.2593705857791719	0.0040476603085459317
2.2669845623577078	0.0038624711001858216
2.2745928960470789	0.003755175228017322
2.282199387829273	0.0036808713717053645
2.289799361043134	0.0036067428833633252
2.2973936963606354	0.0035754640378340345
2.3049851100352408	0.0035669003188747734
2.3125763964352521	0.0035771843335546376
2.3201703152480908	0.003603267650492202
2.3277695052893534	0.0036420825909276025
2.3353764211570507	0.0036905613208840131
2.3429932896959982	0.0037457766042943434
2.3506220828602551	0.0038050867307668785
2.3582645035959211	0.0038662535558673301
2.3659219816594477	0.0039275256064132437
2.3735956767211364	0.0039876861186263369
2.381286486597912	0.0040460684557125925
2.3889950589597801	0.0041025418100586698
2.3967218053267536	0.004157469895853025
2.4044644356430278	0.0042116401735686594
2.412201677912631	0.0042661350631936022
2.4199347787181362	0.0043222869749843466
2.42766517892594	0.0043815208767897535
2.4353944515201125	0.0044452356109170813
2.4431242633132482	0.004514686483996117
2.4508563367941378	0.0045908722654046533
2.458584773841598	0.004674371953405065
2.4663092777058941	0.0047653064535670567
2.4740301159160931	0.0048631825339827727
2.4817475757900267	0.0049665155996578766
2.4894619651938599	0.0050690499409887608
2.4971736131150473	0.0050945440772280472
2.504882869164275	0.0052046166473043816
2.5125901016889616	0.0053362594923852058
2.5202958001421711	0.005526672326505549
2.5280046549184254	0.0056922528268241578
2.5357051406514866	0.0056703866588832244
2.5434026898317512	0.005728920894337448
2.5511056503586147	0.0058005009391837049
2.5588199840383501	0.005875677205813553
2.5665458339224263	0.0059244298566352048
2.5742767658640533	0.0059667865154794551
2.5820104005405886	0.0059881648107174132
2.5897484888391973	0.0059865425532162498
2.5974931081194428	0.0059608425925644784
2.6052463977833642	0.0059108222482647278
2.6130104924320769	0.0058369205684971077
2.6207874644564022	0.0057400749559913429
2.6285762648589657	0.0056216026591424653
2.6363503714518748	0.0054836134238306963
2.6441105300132057	0.0053278137551301362
2.6518576263148335	0.0051559238912628272
2.6595926070957625	0.0049697222486449104
2.6673164522679507	0.0047711348385975939
2.6750301512411565	0.0045623432643315488
2.6827346838206299	0.0043458825458910335
2.6904310058064742	0.0041247033725611707
2.6981200391354503	0.0039021804652083635
2.7058026662254879	0.0036820581532280134
2.7134797280931227	0.0034683345334475756
2.7211520257942632	0.0032650952440013694
2.7288203247677805	0.0030763157149332732
2.7364853617177314	0.002905655809242244
2.7441478537319233	0.0027562724793665414
2.7518085093804605	0.0026306743274352481
2.7594680415463979	0.0025306373729565646
2.7671271816902978	0.0024571967509445613
2.7747866951200608	0.0024048450374137341
2.7824473966078038	0.0023586686325075159
2.790109990745349	0.0023001809589699817
2.7977745352783958	0.0022625685885092426
2.8054414282884808	0.0022651109420357145
2.813110421189621	0.0022842812266258903
2.8207852113830088	0.0023380279393275518
2.8284654627949291	0.0024141221024497972
2.836153201874573	0.0025104731719330022
2.843849244727668	0.0026245111207017177
2.8515542818094723	0.0027532972483204615
2.8592688897984013	0.0028936484679887085
2.8669935436128391	0.0030422638522467757
2.8747286274651978	0.0031958455773099864
2.8824744442903159	0.0033512087017446442
2.8902312230478864	0.0035053757807051761
2.897999123586998	0.003655653468391331
2.9057782389485913	0.0037996891726938069
2.9135685951648926	0.003935506690421248
2.9213669975984775	0.0040614840978184432
2.9291692385581443	0.0041763945533760324
2.9369752376440075	0.0042794357695058027
2.9447766207156127	0.0043700755292972451
2.9525725860577654	0.0044481515267092934
2.9603640366338442	0.0045137407338253265
2.9681519687356293	0.0045671005800293164
2.9759374604032884	0.0046086410035330108
2.9837216598532437	0.004638917007122754
2.9915057728066823	0.0046586440587448822
2.9992910483151047	0.0046687309001864534
3.0070787626547348	0.0046702883531694337
